40
-20 1.0880422217787395
-19 0.1503022409236186
-18 -0.8242369704835132
-17 -1.5969742252469805
-16 -1.9787164932467636
-15 -1.8759999535494778
-14 -1.3139731974375781
-13 -0.43023997617563103
-12 0.5588309963978517
-11 1.4110806511407838
-10 1.917848549326277
-9 1.955060235330194
-8 1.5136049906158564
-7 0.7015664553792397
-6 -0.2822400161197344
-5 -1.1969442882079129
-4 -1.8185948536513634
-3 -1.994989973208109
-2 -1.682941969615793
-1 -0.958851077208406
0 0.0
1 0.958851077208406
2 1.682941969615793
3 1.994989973208109
4 1.8185948536513634
5 1.1969442882079129
6 0.2822400161197344
7 -0.7015664553792397
8 -1.5136049906158564
9 -1.955060235330194
10 -1.917848549326277
11 -1.4110806511407838
12 -0.5588309963978517
13 0.43023997617563103
14 1.3139731974375781
15 1.8759999535494778
16 1.9787164932467636
17 1.5969742252469805
18 0.8242369704835132
19 -0.1503022409236186
20 -1.0880422217787395